N:4.491395338382051
G:6.096592416387689
L:1.7965048315238792
C:5.162945860776317
D:6.13344167971325
U:4.141035744580667
P:4.6517363048304015
V:5.410396015515357
F:4.444880832887242
H:5.977458388345797
T:2.71060765485621
Y:5.3352209405435245
Z:4.007867320863284
Q:5.856213985538976
K:5.52097656097869
C:5.57243000934922
E:4.406415258728211
O:4.893355846304696
D:6.233793333412142
M:5.684904251281733
P:4.43769877864617
W:6.146100426587888
J:5.216986624686654
H:5.28204030079297
I:2.2543615282814358
X:5.585963668914348
